H                                 JH                                                       1.000e+00  0.000e+00  0.000e+00 0.00e+00 0.00e+00   NA 99  -9999   9999  0  9823 1  1
H2                                JH2                                                      1.000e+00  0.000e+00  0.000e+00 0.00e+00 0.00e+00   NA 99  -9999   9999  0  9823 1  1
O                                 JO                                                       1.000e+00  0.000e+00  0.000e+00 0.00e+00 0.00e+00   NA 99  -9999   9999  0  9874 1  1
O@                                JO@                                                      1.000e+00  0.000e+00  0.000e+00 0.00e+00 0.00e+00   NA 99  -9999   9999  0  9874 1  1
OH                                JOH                                                      1.000e+00  0.000e+00  0.000e+00 0.00e+00 0.00e+00   NA 99  -9999   9999  0  9874 1  1
O@H                               JO@H                                                     1.000e+00  0.000e+00  0.000e+00 0.00e+00 0.00e+00   NA 99  -9999   9999  0  9874 1  1
CO                                JCO                                                      1.000e+00  0.000e+00  0.000e+00 0.00e+00 0.00e+00   NA 99  -9999   9999  0  9874 1  1
CO@                               JCO@                                                     1.000e+00  0.000e+00  0.000e+00 0.00e+00 0.00e+00   NA 99  -9999   9999  0  9874 1  1
H2O                               JH2O                                                     1.000e+00  0.000e+00  0.000e+00 0.00e+00 0.00e+00   NA 99  -9999   9999  0  9874 1  1
H2O@                              JH2O@                                                    1.000e+00  0.000e+00  0.000e+00 0.00e+00 0.00e+00   NA 99  -9999   9999  0  9874 1  1
C                                 JC                                                       1.000e+00  0.000e+00  0.000e+00 0.00e+00 0.00e+00   NA 99  -9999   9999  0  9796 1  1
CH                                JCH                                                      1.000e+00  0.000e+00  0.000e+00 0.00e+00 0.00e+00   NA 99  -9999   9999  0  9796 1  1
CH2                               JCH2                                                     1.000e+00  0.000e+00  0.000e+00 0.00e+00 0.00e+00   NA 99  -9999   9999  0  9797 1  1
CH3                               JCH3                                                     1.000e+00  0.000e+00  0.000e+00 0.00e+00 0.00e+00   NA 99  -9999   9999  0  9796 1  1
CH4                               JCH4                                                     1.000e+00  0.000e+00  0.000e+00 0.00e+00 0.00e+00   NA 99  -9999   9999  0  9797 1  1
JH                                H                                                        1.000e+00  0.000e+00  0.000e+00 0.00e+00 0.00e+00   NA 15  -9999   9999  0  7779 1  1
JH2                               H2                                                       1.000e+00  0.000e+00  0.000e+00 0.00e+00 0.00e+00   NA 15  -9999   9999  0  7779 1  1
JO                                O                                                        1.000e+00  0.000e+00  0.000e+00 0.00e+00 0.00e+00   NA 15  -9999   9999  0  7779 1  1
JO@                               O@                                                       1.000e+00  0.000e+00  0.000e+00 0.00e+00 0.00e+00   NA 15  -9999   9999  0  7779 1  1
JOH                               OH                                                       1.000e+00  0.000e+00  0.000e+00 0.00e+00 0.00e+00   NA 15  -9999   9999  0  7779 1  1
JO@H                              O@H                                                      1.000e+00  0.000e+00  0.000e+00 0.00e+00 0.00e+00   NA 15  -9999   9999  0  7779 1  1
JCO                               CO                                                       1.000e+00  0.000e+00  0.000e+00 0.00e+00 0.00e+00   NA 15  -9999   9999  0  7779 1  1
JCO@                              CO@                                                      1.000e+00  0.000e+00  0.000e+00 0.00e+00 0.00e+00   NA 15  -9999   9999  0  7779 1  1
JH2O                              H2O                                                      1.000e+00  0.000e+00  0.000e+00 0.00e+00 0.00e+00   NA 15  -9999   9999  0  7779 1  1
JH2O@                             H2O@                                                     1.000e+00  0.000e+00  0.000e+00 0.00e+00 0.00e+00   NA 15  -9999   9999  0  7779 1  1
JCO2                              CO         O                                             1.000e+00  0.000e+00  0.000e+00 0.00e+00 0.00e+00   NA 15  -9999   9999  0  7779 1  1
JCO@O                             CO@        O                                             1.000e+00  0.000e+00  0.000e+00 0.00e+00 0.00e+00   NA 15  -9999   9999  0  7779 1  1
JC                                C                                                        1.000e+00  0.000e+00  0.000e+00 0.00e+00 0.00e+00   NA 15  -9999   9999  0  7779 1  1
JCH                               CH                                                       1.000e+00  0.000e+00  0.000e+00 0.00e+00 0.00e+00   NA 15  -9999   9999  0  7779 1  1
JCH2                              CH2                                                      1.000e+00  0.000e+00  0.000e+00 0.00e+00 0.00e+00   NA 15  -9999   9999  0  7779 1  1
JCH3                              CH3                                                      1.000e+00  0.000e+00  0.000e+00 0.00e+00 0.00e+00   NA 15  -9999   9999  0  7779 1  1
JCH4                              CH4                                                      1.000e+00  0.000e+00  0.000e+00 0.00e+00 0.00e+00   NA 15  -9999   9999  0  7779 1  1
JO                                O                                                        1.000e-04  0.000e+00  0.000e+00 0.00e+00 0.00e+00   NA 66  -9999   9999  0  7779 1  1
JO@                               O@                                                       1.000e-04  0.000e+00  0.000e+00 0.00e+00 0.00e+00   NA 66  -9999   9999  0  7779 1  1
JOH                               OH                                                       1.000e-04  0.000e+00  0.000e+00 0.00e+00 0.00e+00   NA 66  -9999   9999  0  7779 1  1
JO@H                              O@H                                                      1.000e-04  0.000e+00  0.000e+00 0.00e+00 0.00e+00   NA 66  -9999   9999  0  7779 1  1
JCO                               CO                                                       1.000e-04  0.000e+00  0.000e+00 0.00e+00 0.00e+00   NA 66  -9999   9999  0  7779 1  1
JCO@                              CO@                                                      1.000e-04  0.000e+00  0.000e+00 0.00e+00 0.00e+00   NA 66  -9999   9999  0  7779 1  1
JH2O                              H2O                                                      1.000e-04  0.000e+00  0.000e+00 0.00e+00 0.00e+00   NA 66  -9999   9999  0  7779 1  1
JH2O@                             H2O@                                                     1.000e-04  0.000e+00  0.000e+00 0.00e+00 0.00e+00   NA 66  -9999   9999  0  7779 1  1
JCO2                              CO         O                                             1.000e-04  0.000e+00  0.000e+00 0.00e+00 0.00e+00   NA 66  -9999   9999  0  7779 1  1
JCO@O                             CO@        O                                             1.000e-04  0.000e+00  0.000e+00 0.00e+00 0.00e+00   NA 66  -9999   9999  0  7779 1  1
JC                                C                                                        1.000e-04  0.000e+00  0.000e+00 0.00e+00 0.00e+00   NA 66  -9999   9999  0  7779 1  1
JCH                               CH                                                       1.000e-04  0.000e+00  0.000e+00 0.00e+00 0.00e+00   NA 66  -9999   9999  0  7779 1  1
JCH2                              CH2                                                      1.000e-04  0.000e+00  0.000e+00 0.00e+00 0.00e+00   NA 66  -9999   9999  0  7779 1  1
JCH3                              CH3                                                      1.000e-04  0.000e+00  0.000e+00 0.00e+00 0.00e+00   NA 66  -9999   9999  0  7779 1  1
JCH4                              CH4                                                      1.000e-04  0.000e+00  0.000e+00 0.00e+00 0.00e+00   NA 66  -9999   9999  0  7779 1  1
JH         JO                     JOH                                                      1.000e+00  0.000e+00  0.000e+00 0.00e+00 0.00e+00   NA 14  -9999   9999  0  7383 1  1
JH         JOH                    JH2O                                                     1.000e+00  0.000e+00  0.000e+00 0.00e+00 0.00e+00   NA 14  -9999   9999  0  7383 1  1
JH2        JOH                    JH2O       JH                                            1.000e+00  0.000e+00  2.100e+03 0.00e+00 0.00e+00   NA 14  -9999   9999  0  7383 1  1
JH2O                              JOH        JH                                            9.700e+02  0.000e+00  0.000e+00 0.00e+00 0.00e+00   NA 17  -9999   9999  0  8242 1  1
JH2O                              JOH        JH                                            0.800D-09  0.000D+00  0.220D+01 0.00e+00 0.00e+00   NA 19  -9999   9999  0  8521
JH2O                              JOH        JH                                            0.620D-11  0.000D+00  0.390D+01 0.00e+00 0.00e+00   NA 20  -9999   9999  0  8740
JH         JO@                    JO@H                                                     1.000e+00  0.000e+00  0.000e+00 0.00e+00 0.00e+00   NA 14  -9999   9999  0  7383 1  1
JH         JO@H                   JH2O@                                                    1.000e+00  0.000e+00  0.000e+00 0.00e+00 0.00e+00   NA 14  -9999   9999  0  7383 1  1
JH2        JO@H                   JH2O@      JH                                            1.000e+00  0.000e+00  2.100e+03 0.00e+00 0.00e+00   NA 14  -9999   9999  0  7383 1  1
JH2O@                             JO@H       JH                                            9.700e+02  0.000e+00  0.000e+00 0.00e+00 0.00e+00   NA 17  -9999   9999  0  8242 1  1
JH2O@                             JO@H       JH                                            0.800D-09  0.000D+00  0.220D+01 0.00e+00 0.00e+00   NA 19  -9999   9999  0  8521
JH2O@                             JO@H       JH                                            0.620D-11  0.000D+00  0.390D+01 0.00e+00 0.00e+00   NA 20  -9999   9999  0  8740
JOH        JCO                    JCO2       JH                                            1.000e+00  0.000e+00  1.500e+02 0.00e+00 0.00e+00   NA 14  -9999   9999  0  7551 1  1
JOH        JCO@                   JCO@O      JH                                            1.000e+00  0.000e+00  1.500e+02 0.00e+00 0.00e+00   NA 14  -9999   9999  0  7551 1  1
JH         JC                     JCH                                                      1.000e+00  0.000e+00  0.000e+00 0.00e+00 0.00e+00   NA 14  -9999   9999  0  7333 1  1
JH         JCH                    JCH2                                                     1.000e+00  0.000e+00  0.000e+00 0.00e+00 0.00e+00   NA 14  -9999   9999  0  7333 1  1
JH         JCH2                   JCH3                                                     1.000e+00  0.000e+00  0.000e+00 0.00e+00 0.00e+00   NA 14  -9999   9999  0  7335 1  1
JH         JCH3                   JCH4                                                     1.000e+00  0.000e+00  0.000e+00 0.00e+00 0.00e+00   NA 14  -9999   9999  0  7339 1  1
JH2        JH2                    JH2        H2                                            1.000e+00  0.000e+00  0.000e+00 0.00e+00 0.00e+00   NA 14  -9999   9999  0  7339 1  1