JH           0  1  0  0  0  0  0  0  0  0  0  0  0  0  0  0
JH2          0  2  0  0  0  0  0  0  0  0  0  0  0  0  0  0
JO           0  0  0  0  0  1  0  0  0  0  0  0  0  0  0  0
JOH          0  1  0  0  0  1  0  0  0  0  0  0  0  0  0  0
JH2O         0  2  0  0  0  1  0  0  0  0  0  0  0  0  0  0
JCO          0  0  0  1  0  1  0  0  0  0  0  0  0  0  0  0
JCO2         0  0  0  1  0  2  0  0  0  0  0  0  0  0  0  0
JCO@         0  0  0  1  0  0  0  0  0  0  0  0  0  0  0  1
JCO@O        0  0  0  1  0  1  0  0  0  0  0  0  0  0  0  1
JC           0  0  0  1  0  0  0  0  0  0  0  0  0  0  0  0
JCH          0  1  0  1  0  0  0  0  0  0  0  0  0  0  0  0
JCH2         0  2  0  1  0  0  0  0  0  0  0  0  0  0  0  0
JCH3         0  3  0  1  0  0  0  0  0  0  0  0  0  0  0  0
JCH4         0  4  0  1  0  0  0  0  0  0  0  0  0  0  0  0
JO@          0  0  0  0  0  0  0  0  0  0  0  0  0  0  0  1
JO@H         0  1  0  0  0  0  0  0  0  0  0  0  0  0  0  1
JH2O@        0  2  0  0  0  0  0  0  0  0  0  0  0  0  0  1