H            0  1  0  0  0  0  0  0  0  0  0  0  0  0  0  0
C            0  0  0  1  0  0  0  0  0  0  0  0  0  0  0  0
Si           0  0  0  0  0  0  1  0  0  0  0  0  0  0  0  0
O            0  0  0  0  0  1  0  0  0  0  0  0  0  0  0  0
O@           0  0  0  0  0  0  0  0  0  0  0  0  0  0  0  1
He           0  0  1  0  0  0  0  0  0  0  0  0  0  0  0  0
OH           0  1  0  0  0  1  0  0  0  0  0  0  0  0  0  0
O@H          0  1  0  0  0  0  0  0  0  0  0  0  0  0  0  1
CO           0  0  0  1  0  1  0  0  0  0  0  0  0  0  0  0
CO@          0  0  0  1  0  0  0  0  0  0  0  0  0  0  0  1
H2           0  2  0  0  0  0  0  0  0  0  0  0  0  0  0  0
CH           0  1  0  1  0  0  0  0  0  0  0  0  0  0  0  0
CH2          0  2  0  1  0  0  0  0  0  0  0  0  0  0  0  0
H2O          0  2  0  0  0  1  0  0  0  0  0  0  0  0  0  0
H2O@         0  2  0  0  0  0  0  0  0  0  0  0  0  0  0  1
e-          -1  0  0  0  0  0  0  0  0  0  0  0  0  0  0  0
He+          1  0  1  0  0  0  0  0  0  0  0  0  0  0  0  0
H+           1  1  0  0  0  0  0  0  0  0  0  0  0  0  0  0
H2+          1  2  0  0  0  0  0  0  0  0  0  0  0  0  0  0
H3+          1  3  0  0  0  0  0  0  0  0  0  0  0  0  0  0
Si+          1  0  0  0  0  0  1  0  0  0  0  0  0  0  0  0
C+           1  0  0  1  0  0  0  0  0  0  0  0  0  0  0  0
CH+          1  1  0  1  0  0  0  0  0  0  0  0  0  0  0  0
CH2+         1  2  0  1  0  0  0  0  0  0  0  0  0  0  0  0
CH3+         1  3  0  1  0  0  0  0  0  0  0  0  0  0  0  0
O+           1  0  0  0  0  1  0  0  0  0  0  0  0  0  0  0
OH+          1  1  0  0  0  1  0  0  0  0  0  0  0  0  0  0
H2O+         1  2  0  0  0  1  0  0  0  0  0  0  0  0  0  0
H3O+         1  3  0  0  0  1  0  0  0  0  0  0  0  0  0  0
CO+          1  0  0  1  0  1  0  0  0  0  0  0  0  0  0  0
HCO+         1  1  0  1  0  1  0  0  0  0  0  0  0  0  0  0
O@+          1  0  0  0  0  0  0  0  0  0  0  0  0  0  0  1
O@H+         1  1  0  0  0  0  0  0  0  0  0  0  0  0  0  1
H2O@+        1  2  0  0  0  0  0  0  0  0  0  0  0  0  0  1
H3O@+        1  3  0  0  0  0  0  0  0  0  0  0  0  0  0  1
CO@+         1  0  0  1  0  0  0  0  0  0  0  0  0  0  0  1
HCO@+        1  1  0  1  0  0  0  0  0  0  0  0  0  0  0  1
CH3          0  3  0  1  0  0  0  0  0  0  0  0  0  0  0  0
CH4          0  4  0  1  0  0  0  0  0  0  0  0  0  0  0  0
GRAIN0       0  0  0  0  0  0  0  0  0  0  0  0  0  0  0  0
GRAIN-      -1  0  0  0  0  0  0  0  0  0  0  0  0  0  0  0
H2v          0  2  0  0  0  0  0  0  0  0  0  0  0  0  0  0